000000012
000000102
000000201
000000210
000001002
000001200
000100002
000100200
001000002
001000200
010000002
010000200
100000002
100000200
100010202
100010220
101220000
102002010
102002100
102012000
102021000
102100200
102102000
102120000
110020200
110022000
110222000
112000200
112002000
112010202
112020000
112021002
112021020
112022100
112120002
112220100
120020100
120021000
120120000
120221100
121020000
121021200
121022010
121120200
121211202
121220010
121221000
121221102
122120010
210020010
210020100
210021000
210021201
210120000
210120201
210201000
210210000
210221100
211000002
211010220
211020000
211020201
211022001
211100220
211120002
211122210
211200000
211202100
211210200
211220001
211220100
211221120
010010202
001010202
010010220
000110202
000011202
112120020
